0000001000000000
0000001000001111
0000001000011111
0000001000101111
0000001000111111
0000001001001111
0000001001011111
0000001001101111
0000001001111111
0000001010001111
0000001010011111
0000001010101111
0000001010111111
0000001011001111
0000001011011111
0000001011101111
0000001011111111
0000001100001111
0000001100011111
0000001100101111
0000001100111111
0000001101001111
0000001101011111
0000001101101111
0000001101111111
0000001110001111
0000001110011111
0000001110101111
0000001110111111
0000001111001111
0000001111011111
0000001111101111
0000001111111111
0000001111101111
0000001111011111
0000001111001111
0000001110111111
0000001110101111
0000001110011111
0000001110001111
0000001101111111
0000001101101111
0000001101011111
0000001101001111
0000001100111111
0000001100101111
0000001100011111
0000001100001111
0000001011111111
0000001011101111
0000001011011111
0000001011001111
0000001010111111
0000001010101111
0000001010011111
0000001010001111
0000001001111111
0000001001101111
0000001001011111
0000001001001111
0000001000111111
0000001000101111
0000001000011111
0000001000001111
0000001000000000
0000000111110000
0000000111100000
0000000111010000
0000000111000000
0000000110110000
0000000110100000
0000000110010000
0000000110000000
0000000101110000
0000000101100000
0000000101010000
0000000101000000
0000000100110000
0000000100100000
0000000100010000
0000000100000000
0000000011110000
0000000011100000
0000000011010000
0000000011000000
0000000010110000
0000000010100000
0000000010010000
0000000010000000
0000000001110000
0000000001100000
0000000001010000
0000000001000000
0000000000110000
0000000000100000
0000000000010000
0000000000000000
0000000000010000
0000000000100000
0000000000110000
0000000001000000
0000000001010000
0000000001100000
0000000001110000
0000000010000000
0000000010010000
0000000010100000
0000000010110000
0000000011000000
0000000011010000
0000000011100000
0000000011110000
0000000100000000
0000000100010000
0000000100100000
0000000100110000
0000000101000000
0000000101010000
0000000101100000
0000000101110000
0000000110000000
0000000110010000
0000000110100000
0000000110110000
0000000111000000
0000000111010000
0000000111100000
0000000111110000
